--------- Matrix original ----------

1.00	-3.00	-5.00	0.00	0.00	0.00	200.00	200.00	0.00	
0.00	4.00	1.00	-1.00	0.00	0.00	1.00	0.00	4.00	
0.00	-1.00	2.00	0.00	-1.00	0.00	0.00	1.00	2.00	
0.00	0.00	1.00	0.00	0.00	1.00	0.00	0.00	3.00	

--------- Eliminar M's -------------

Eliminar 0 M

1.00	-803.00	-205.00	200.00	0.00	0.00	0.00	200.00	-800.00	
0.00	4.00	1.00	-1.00	0.00	0.00	1.00	0.00	4.00	
0.00	-1.00	2.00	0.00	-1.00	0.00	0.00	1.00	2.00	
0.00	0.00	1.00	0.00	0.00	1.00	0.00	0.00	3.00	

Eliminar 1 M

1.00	-603.00	-605.00	200.00	200.00	0.00	0.00	0.00	-1200.00	
0.00	4.00	1.00	-1.00	0.00	0.00	1.00	0.00	4.00	
0.00	-1.00	2.00	0.00	-1.00	0.00	0.00	1.00	2.00	
0.00	0.00	1.00	0.00	0.00	1.00	0.00	0.00	3.00	

--------- Resolver -------------

Iteracion:  0
Row 0 = row 0 - -605.00 * row 2
Row 1 = row 1 - 1.00 * row 2
Row 3 = row 3 - 1.00 * row 2

1.00	-905.50	0.00	200.00	-102.50	0.00	0.00	302.50	-595.00	
0.00	4.50	0.00	-1.00	0.50	0.00	1.00	-0.50	3.00	
0.00	-0.50	1.00	0.00	-0.50	0.00	0.00	0.50	1.00	
0.00	0.50	0.00	0.00	0.50	1.00	0.00	-0.50	2.00	

Iteracion:  1
Row 0 = row 0 - -905.50 * row 1
Row 2 = row 2 - -0.50 * row 1
Row 3 = row 3 - 0.50 * row 1

1.00	0.00	0.00	-1.22	-1.89	0.00	201.22	201.89	8.67	
0.00	1.00	0.00	-0.22	0.11	0.00	0.22	-0.11	0.67	
0.00	0.00	1.00	-0.11	-0.44	0.00	0.11	0.44	1.33	
0.00	0.00	0.00	0.11	0.44	1.00	-0.11	-0.44	1.67	

Iteracion:  2
Row 0 = row 0 - -1.89 * row 3
Row 1 = row 1 - 0.11 * row 3
Row 2 = row 2 - -0.44 * row 3

1.00	0.00	0.00	-0.75	0.00	4.25	200.75	200.00	15.75	
0.00	1.00	0.00	-0.25	0.00	-0.25	0.25	0.00	0.25	
0.00	0.00	1.00	0.00	0.00	1.00	0.00	0.00	3.00	
0.00	0.00	0.00	0.25	1.00	2.25	-0.25	-1.00	3.75	

Iteracion:  3
Row 0 = row 0 - -0.75 * row 3
Row 1 = row 1 - -0.25 * row 3
Row 2 = row 2 - 0.00 * row 3

1.00	0.00	0.00	0.00	3.00	11.00	200.00	197.00	27.00	
0.00	1.00	0.00	0.00	1.00	2.00	0.00	-1.00	4.00	
0.00	0.00	1.00	0.00	0.00	1.00	0.00	0.00	3.00	
0.00	0.00	0.00	1.00	4.00	9.00	-1.00	-4.00	15.00	

